4 4 3
0 1 4 4
8 0 10 13
8 0 11 26
0 0 0 0


4 4 3
6 8 0 1
0 0 0 0
0 0 0 0
0 0 8 0

5 10 51
0 0 0 0 0 0 0 0 0 0
0 0 0 0 0 0 0 0 0 2186
0 0 0 0 4346 0 0 0 0 0
0 0 0 0 3889 3148 1500 0 0 0
0 3440 0 0 17 0 0 0 0 0

3 3 10
3 6 2
0 1340 5
3 21 62312


0 0 0 0 0 0 0 0 0 0
0 0 0 0 0 0 0 0 0 88
0 0 0 0 157 0 0 0 0 0
0 0 0 0 112 70 104 0 0 0
0 157 0 0 139 0 0 0 0 0

내정답 51 :
0 0 0 0 0 0 0 0 0 0
0 0 0 0 0 0 0 0 0 89
0 0 0 0 158 0 0 0 0 0
0 0 0 0 113 85 105 0 0 0
0 72 0 0 140 0 0 0 0 0


정답코드 51 :
0 0 0 0 0 0 0 0 0 0
0 0 0 0 0 0 0 0 0 89
0 0 0 0 72 0 0 0 0 0
0 0 0 0 70 85 105 0 0 0
0 158 0 0 140 0 0 0 0 0

0 0 0 0 0 0 0 0 0 0
0 0 0 0 0 0 0 0 0 92
0 0 0 0 73 0 0 0 0 0
0 0 0 0 57 29 50 0 0 0
0 89 0 0 85 0 0 0 0 0

0 0 0 0 0 0 0 0 0 0
0 0 0 0 0 0 0 0 0 92
0 0 0 0 75 0 0 0 0 0
0 0 0 0 56 14 51 0 0 0
0 89 0 0 54 0 0 0 0 0



0 0 0 0 0 0 0 0 0 0
0 0 0 0 0 0 0 0 0 89
0 0 0 0 72 0 0 0 0 0
0 0 0 0 70 85 105 0 0 0
0 158 0 0 140 0 0 0 0 0
